#! FIELDS phi file.free
#! SET sample_size 25001
#! SET effective_sample_size 5408.57
#! SET min_phi -3.14159
#! SET max_phi 3.14159
#! SET nbins_phi 100
#! SET periodic_phi true
   -3.141593     14.151407
   -3.078761     11.694675
   -3.015929      9.445732
   -2.953097      7.301582
   -2.890265      5.513857
   -2.827433      4.130120
   -2.764602      3.111563
   -2.701770      2.495626
   -2.638938      1.979548
   -2.576106      1.712335
   -2.513274      1.837830
   -2.450442      2.029430
   -2.387610      2.186557
   -2.324779      2.581273
   -2.261947      3.156395
   -2.199115      3.595419
   -2.136283      3.876799
   -2.073451      4.201715
   -2.010619      4.551188
   -1.947787      4.754810
   -1.884956      4.613016
   -1.822124      4.288990
   -1.759292      3.735450
   -1.696460      2.985423
   -1.633628      2.034458
   -1.570796      1.190566
   -1.507964      0.567328
   -1.445133      0.134926
   -1.382301      0.000000
   -1.319469      0.072602
   -1.256637      0.447788
   -1.193805      1.171424
   -1.130973      2.354168
   -1.068142      3.963977
   -1.005310      5.753610
   -0.942478      7.701888
   -0.879646      9.888070
   -0.816814     12.193801
   -0.753982     14.652247
   -0.691150     17.087559
   -0.628319     19.646567
   -0.565487     22.348623
   -0.502655     24.972354
   -0.439823     27.396548
   -0.376991     29.778938
   -0.314159     31.831090
   -0.251327     33.650168
   -0.188496     34.945345
   -0.125664     35.609293
   -0.062832     35.967660
    0.000000     36.066328
    0.062832     35.632554
    0.125664     34.532886
    0.188496     32.770428
    0.251327     30.955577
    0.314159     29.066065
    0.376991     26.629251
    0.439823     23.999784
    0.502655     21.620732
    0.565487     19.247982
    0.628319     16.658801
    0.691150     14.364083
    0.753982     12.311447
    0.816814     10.482798
    0.879646      9.100791
    0.942478      8.161941
    1.005310      7.573851
    1.068142      7.580068
    1.130973      8.128445
    1.193805      9.093234
    1.256637     10.631599
    1.319469     12.661664
    1.382301     15.041630
    1.445133     17.975714
    1.507964     21.544386
    1.570796     25.554134
    1.633628     29.674389
    1.696460     33.974269
    1.759292     39.453664
    1.822124     44.224630
    1.884956     47.354432
    1.947787     51.172453
    2.010619     56.082916
    2.073451     58.601751
    2.136283     60.445060
    2.199115     61.834417
    2.261947     61.626608
    2.324779     58.317114
    2.387610     56.395655
    2.450442     54.526066
    2.513274     52.214424
    2.576106     49.081874
    2.638938     43.530489
    2.701770     38.589334
    2.764602     35.086144
    2.827433     31.890380
    2.890265     27.899975
    2.953097     23.518844
    3.015929     20.079203
    3.078761     16.906912
