#! FIELDS psi file.free
#! SET sample_size 25001
#! SET effective_sample_size 5408.57
#! SET min_psi -3.14159
#! SET max_psi 3.14159
#! SET nbins_psi 100
#! SET periodic_psi true
   -3.141593      3.449268
   -3.078761      4.537558
   -3.015929      5.966239
   -2.953097      7.569050
   -2.890265      8.885959
   -2.827433     10.438280
   -2.764602     12.344724
   -2.701770     14.231235
   -2.638938     15.787631
   -2.576106     17.256686
   -2.513274     18.881453
   -2.450442     20.264529
   -2.387610     21.622017
   -2.324779     22.766683
   -2.261947     23.492423
   -2.199115     23.811274
   -2.136283     23.685342
   -2.073451     22.995971
   -2.010619     22.069454
   -1.947787     21.201491
   -1.884956     20.499611
   -1.822124     20.017756
   -1.759292     19.312121
   -1.696460     18.375802
   -1.633628     17.081805
   -1.570796     15.834932
   -1.507964     15.004691
   -1.445133     14.070203
   -1.382301     12.973356
   -1.319469     11.952615
   -1.256637     10.989619
   -1.193805     10.182673
   -1.130973      9.614522
   -1.068142      9.437936
   -1.005310      9.050944
   -0.942478      8.636737
   -0.879646      8.322372
   -0.816814      8.106744
   -0.753982      8.134930
   -0.691150      8.274991
   -0.628319      8.324092
   -0.565487      8.091183
   -0.502655      8.139422
   -0.439823      8.416044
   -0.376991      8.683317
   -0.314159      8.680004
   -0.251327      8.662352
   -0.188496      8.557922
   -0.125664      8.057259
   -0.062832      7.377559
    0.000000      6.810200
    0.062832      6.397325
    0.125664      5.854970
    0.188496      5.322960
    0.251327      4.912480
    0.314159      4.311460
    0.376991      3.722009
    0.439823      3.121932
    0.502655      2.459654
    0.565487      1.912647
    0.628319      1.554171
    0.691150      1.397897
    0.753982      0.947750
    0.816814      0.510203
    0.879646      0.387760
    0.942478      0.373820
    1.005310      0.384888
    1.068142      0.436705
    1.130973      0.510947
    1.193805      0.646552
    1.256637      0.945425
    1.319469      1.292411
    1.382301      1.837536
    1.445133      2.437218
    1.507964      2.861661
    1.570796      3.199621
    1.633628      3.681222
    1.696460      4.030290
    1.759292      4.224144
    1.822124      4.384796
    1.884956      4.408714
    1.947787      4.390968
    2.010619      4.234068
    2.073451      3.960684
    2.136283      3.461238
    2.199115      3.011836
    2.261947      2.600771
    2.324779      2.052039
    2.387610      1.392681
    2.450442      0.808205
    2.513274      0.485491
    2.576106      0.268707
    2.638938      0.130033
    2.701770      0.055162
    2.764602      0.000000
    2.827433      0.106331
    2.890265      0.541929
    2.953097      1.150704
    3.015929      1.730216
    3.078761      2.487509
