#! FIELDS p.y file.free
#! SET sample_size 40001
#! SET effective_sample_size 2858.35
#! SET min_p.y -0.628018
#! SET max_p.y 2.42564
#! SET nbins_p.y 101
#! SET periodic_p.y false
   -0.628018     30.429547
   -0.597481     29.854566
   -0.566945     29.058179
   -0.536408     28.197633
   -0.505872     27.360376
   -0.475335     26.461879
   -0.444799     25.320506
   -0.414262     23.786115
   -0.383725     21.912603
   -0.353189     19.884570
   -0.322652     17.845805
   -0.292116     15.881979
   -0.261579     14.045975
   -0.231042     12.367678
   -0.200506     10.860386
   -0.169969      9.529291
   -0.139433      8.378018
   -0.108896      7.410122
   -0.078360      6.627458
   -0.047823      6.029662
   -0.017286      5.616120
    0.013250      5.388099
    0.043787      5.348136
    0.074323      5.496360
    0.104860      5.826055
    0.135397      6.320983
    0.165933      6.954154
    0.196470      7.682323
    0.227006      8.428454
    0.257543      9.060908
    0.288079      9.426006
    0.318616      9.479490
    0.349153      9.334472
    0.379689      9.130308
    0.410226      8.953983
    0.440762      8.849802
    0.471299      8.840489
    0.501835      8.939457
    0.532372      9.156470
    0.562909      9.498463
    0.593445      9.965811
    0.623982     10.544664
    0.654518     11.188986
    0.685055     11.769321
    0.715592     12.036821
    0.746128     11.868845
    0.776665     11.430293
    0.807201     10.873257
    0.837738     10.254931
    0.868274      9.594219
    0.898811      8.901103
    0.929348      8.185552
    0.959884      7.453804
    0.990421      6.711508
    1.020957      5.973930
    1.051494      5.260053
    1.082030      4.578121
    1.112567      3.926898
    1.143104      3.306038
    1.173640      2.718116
    1.204177      2.166928
    1.234713      1.660619
    1.265250      1.211743
    1.295787      0.829760
    1.326323      0.516578
    1.356860      0.271691
    1.387396      0.099151
    1.417933      0.006891
    1.448469      0.000000
    1.479006      0.077160
    1.509543      0.233957
    1.540079      0.467096
    1.570616      0.774816
    1.601152      1.156752
    1.631689      1.615422
    1.662225      2.157851
    1.692762      2.795304
    1.723299      3.536885
    1.753835      4.379229
    1.784372      5.307009
    1.814908      6.310336
    1.845445      7.396785
    1.875982      8.580131
    1.906518      9.864873
    1.937055     11.244046
    1.967591     12.703619
    1.998128     14.228014
    2.028664     15.810526
    2.059201     17.460682
    2.089738     19.194860
    2.120274     21.018427
    2.150811     22.902525
    2.181347     24.687841
    2.211884     25.932563
    2.242421     26.504613
    2.272957     26.809081
    2.303494     27.055719
    2.334030     27.302628
    2.364567     27.586999
    2.395103     27.957824
    2.425640     28.469602
