#! FIELDS p.x file.free
#! SET sample_size 40001
#! SET effective_sample_size 2858.35
#! SET min_p.x -1.39362
#! SET max_p.x 1.05181
#! SET nbins_p.x 101
#! SET periodic_p.x false
   -1.393620     17.023185
   -1.369166     16.131762
   -1.344711     15.359453
   -1.320257     14.675989
   -1.295803     14.050409
   -1.271348     13.455872
   -1.246894     12.872976
   -1.222440     12.290192
   -1.197986     11.701414
   -1.173531     11.102569
   -1.149077     10.490339
   -1.124623      9.863641
   -1.100168      9.225256
   -1.075714      8.581539
   -1.051260      7.940423
   -1.026806      7.308619
   -1.002351      6.689558
   -0.977897      6.084096
   -0.953443      5.493277
   -0.928988      4.919543
   -0.904534      4.365337
   -0.880080      3.832002
   -0.855625      3.320462
   -0.831171      2.832058
   -0.806717      2.368857
   -0.782263      1.934217
   -0.757808      1.533195
   -0.733354      1.171618
   -0.708900      0.854283
   -0.684445      0.583996
   -0.659991      0.362303
   -0.635537      0.191087
   -0.611082      0.073049
   -0.586628      0.009926
   -0.562174      0.000000
   -0.537720      0.038147
   -0.513265      0.119465
   -0.488811      0.243250
   -0.464357      0.413117
   -0.439902      0.633731
   -0.415448      0.908304
   -0.390994      1.238832
   -0.366539      1.627204
   -0.342085      2.075101
   -0.317631      2.583105
   -0.293177      3.150709
   -0.268722      3.777203
   -0.244268      4.461723
   -0.219814      5.201607
   -0.195359      5.989719
   -0.170905      6.809969
   -0.146451      7.627011
   -0.121996      8.369797
   -0.097542      8.936317
   -0.073088      9.266438
   -0.048634      9.405929
   -0.024179      9.447327
    0.000275      9.458320
    0.024729      9.470460
    0.049184      9.489480
    0.073638      9.507305
    0.098092      9.512700
    0.122547      9.495703
    0.147001      9.445017
    0.171455      9.346586
    0.195909      9.190961
    0.220364      8.983164
    0.244818      8.740841
    0.269272      8.482152
    0.293727      8.217846
    0.318181      7.952529
    0.342635      7.689656
    0.367090      7.434166
    0.391544      7.191141
    0.415998      6.963491
    0.440452      6.751837
    0.464907      6.556442
    0.489361      6.379241
    0.513815      6.224500
    0.538270      6.097371
    0.562724      6.001550
    0.587178      5.938808
    0.611633      5.910975
    0.636087      5.921455
    0.660541      5.974004
    0.684995      6.070620
    0.709450      6.211658
    0.733904      6.397911
    0.758358      6.631892
    0.782813      6.917039
    0.807267      7.256269
    0.831721      7.651457
    0.856176      8.104096
    0.880630      8.616428
    0.905084      9.191520
    0.929538      9.831453
    0.953993     10.535471
    0.978447     11.301608
    1.002901     12.132162
    1.027356     13.037845
    1.051810     14.035691
