#! FIELDS p.x file.free
#! SET sample_size 8001
#! SET effective_sample_size 1005.38
#! SET min_p.x -1.34268
#! SET max_p.x 1.10166
#! SET nbins_p.x 101
#! SET periodic_p.x false
   -1.342680     20.257336
   -1.318237     19.356511
   -1.293793     18.517027
   -1.269350     17.710762
   -1.244906     16.919406
   -1.220463     16.151790
   -1.196020     15.426471
   -1.171576     14.745467
   -1.147133     14.089150
   -1.122689     13.429556
   -1.098246     12.744798
   -1.073803     12.020430
   -1.049359     11.244753
   -1.024916     10.417510
   -1.000472      9.563210
   -0.976029      8.721300
   -0.951586      7.921593
   -0.927142      7.171376
   -0.902699      6.458671
   -0.878255      5.764928
   -0.853812      5.080152
   -0.829369      4.411362
   -0.804925      3.778355
   -0.780482      3.201225
   -0.756038      2.689407
   -0.731595      2.238074
   -0.707152      1.832838
   -0.682708      1.460408
   -0.658265      1.117938
   -0.633821      0.812961
   -0.609378      0.555057
   -0.584935      0.348516
   -0.560491      0.191745
   -0.536048      0.081518
   -0.511604      0.016891
   -0.487161      0.000000
   -0.462718      0.034959
   -0.438274      0.126514
   -0.413831      0.278199
   -0.389387      0.489755
   -0.364944      0.755127
   -0.340501      1.062762
   -0.316057      1.399131
   -0.291614      1.755137
   -0.267170      2.132650
   -0.242727      2.545687
   -0.218284      3.013513
   -0.193840      3.550699
   -0.169397      4.161383
   -0.144953      4.839543
   -0.120510      5.572159
   -0.096067      6.342877
   -0.071623      7.138121
   -0.047180      7.954315
   -0.022736      8.794396
    0.001707      9.646952
    0.026150     10.460423
    0.050594     11.141049
    0.075037     11.611224
    0.099481     11.881929
    0.123924     12.028932
    0.148367     12.125872
    0.172811     12.217644
    0.197254     12.323008
    0.221698     12.446358
    0.246141     12.587647
    0.270584     12.743627
    0.295028     12.903740
    0.319471     13.051932
    0.343915     13.178071
    0.368358     13.285031
    0.392801     13.380696
    0.417245     13.467270
    0.441688     13.540933
    0.466132     13.598391
    0.490575     13.642356
    0.515018     13.681358
    0.539462     13.718583
    0.563905     13.719349
    0.588349     13.548188
    0.612792     12.993184
    0.637235     12.052034
    0.661679     10.927561
    0.686122      9.759736
    0.710566      8.610296
    0.735009      7.513235
    0.759452      6.494315
    0.783896      5.574134
    0.808339      4.766123
    0.832783      4.075472
    0.857226      3.500937
    0.881669      3.038565
    0.906113      2.685291
    0.930556      2.440910
    0.955000      2.308401
    0.979443      2.293664
    1.003886      2.405263
    1.028330      2.653796
    1.052773      3.050643
    1.077217      3.606546
    1.101660      4.330684
