#! FIELDS p.y file.free
#! SET sample_size 8001
#! SET effective_sample_size 1005.38
#! SET min_p.y -0.213751
#! SET max_p.y 1.91768
#! SET nbins_p.y 101
#! SET periodic_p.y false
   -0.213751     38.947149
   -0.192437     37.788418
   -0.171122     36.406303
   -0.149808     35.023062
   -0.128494     33.746591
   -0.107179     32.613912
   -0.085865     31.635564
   -0.064551     30.808174
   -0.043237     30.109838
   -0.021922     29.477929
   -0.000608     28.780190
    0.020706     27.873658
    0.042021     26.767427
    0.063335     25.581282
    0.084649     24.397774
    0.105964     23.249320
    0.127278     22.147754
    0.148592     21.096372
    0.169907     20.091593
    0.191221     19.124547
    0.212535     18.185891
    0.233850     17.272258
    0.255164     16.389947
    0.276478     15.552831
    0.297792     14.776545
    0.319107     14.073380
    0.340421     13.450111
    0.361735     12.908230
    0.383050     12.445274
    0.404364     12.056146
    0.425678     11.733955
    0.446993     11.470684
    0.468307     11.258668
    0.489621     11.093381
    0.510936     10.976086
    0.532250     10.913845
    0.553564     10.916222
    0.574878     10.990800
    0.596193     11.139708
    0.617507     11.357463
    0.638821     11.628694
    0.660136     11.923741
    0.681450     12.192078
    0.702764     12.360539
    0.724079     12.346862
    0.745393     12.086539
    0.766707     11.574600
    0.788022     10.890056
    0.809336     10.137718
    0.830650      9.384797
    0.851965      8.656164
    0.873279      7.952466
    0.894593      7.266435
    0.915907      6.595053
    0.937222      5.945776
    0.958536      5.334241
    0.979850      4.776690
    1.001165      4.283617
    1.022479      3.857827
    1.043793      3.496216
    1.065108      3.193438
    1.086422      2.945485
    1.107736      2.751248
    1.129051      2.611104
    1.150365      2.523034
    1.171679      2.477699
    1.192993      2.454148
    1.214308      2.419326
    1.235622      2.336404
    1.256936      2.181513
    1.278251      1.954819
    1.299565      1.675225
    1.320879      1.368823
    1.342194      1.061878
    1.363508      0.776940
    1.384822      0.529906
    1.406137      0.329020
    1.427451      0.176383
    1.448765      0.071045
    1.470079      0.012072
    1.491394      0.000000
    1.512708      0.036165
    1.534022      0.120939
    1.555337      0.252570
    1.576651      0.427590
    1.597965      0.642435
    1.619280      0.895021
    1.640594      1.184891
    1.661908      1.511353
    1.683223      1.870449
    1.704537      2.253009
    1.725851      2.646706
    1.747166      3.043100
    1.768480      3.444886
    1.789794      3.865737
    1.811108      4.322332
    1.832423      4.825977
    1.853737      5.379322
    1.875051      5.978655
    1.896366      6.620167
    1.917680      7.306843
